long_at=116.4130120
lat_at=40.104225
province=110000
stock_id=2351105323
user_id=
code=9b0bfb984a8125ce0029a524b5f825b5